4294967279,76
4294967279,75
4294967279,74
4294967279,73
4294967279,72
4294967279,71
4294967279,70
4294967279,69
4294967279,68
4294967279,67
4294967279,66
4294967279,65
4294967279,64
4294967279,63
4294967279,62
4294967294,127
4294967294,18
4294967279,104
4294967279,103
4294967279,102
4294967279,101
4294967279,100
4294967279,99
4294967279,98
4294967279,97
4294967279,96
4294967279,95
4294967279,94
4294967279,93
4294967279,92
4294967279,91
4294967279,90
4294967279,89
4294967279,87
4294967279,86
4294967279,85
4294967279,84
4294967279,83
4294967279,82
4294967279,81
4294967279,80
4294967279,79
4294967279,78
4294967279,77
4294967278,344
4294967278,343
30,12
30,11
30,10
30,5
4294967279,531
30,9
30,8
30,7
30,6
4294967278,162
4294967278,161
4294967278,342
4294967278,158
30,4
4294967278,157
30,3
30,2
30,1
4294967278,156
4294967278,155
29,6
29,5
4294967278,154
29,4
29,3
29,2
29,1
4294967278,153
4294967294,431
4294967278,152
28,5
4294967278,151
28,4
28,3
28,2
28,1
4294967278,150
4294967278,149
27,4
4294967278,148
27,3
27,2
27,1
4294967294,1372
4294967278,147
4294967294,1371
4294967278,341
4294967279,530
4294967279,529
4294967294,1185
4294967294,403
4294967294,1077
4294967294,116
4294967294,108
4294967294,452
4294967294,469
4294967279,278
4294967279,139
4294967279,528
4294967279,131
4294967279,130
4294967279,129
4294967279,128
4294967279,127
4294967279,126
4294967279,125
4294967279,124
4294967279,123
4294967279,122
4294967279,121
4294967279,120
4294967279,119
4294967279,118
4294967279,117
4294967279,116
4294967279,115
4294967279,114
4294967279,113
4294967279,112
4294967279,111
4294967279,110
4294967279,109
4294967279,108
4294967279,107
4294967279,106
4294967279,105
4294967278,340
4294967279,138
4294967279,137
4294967279,276
4294967278,135
4294967278,134
26,5
4294967278,133
26,4
4294967279,275
26,2
26,1
4294967279,527
4294967278,272
4294967279,274
4294967278,271
4294967279,273
25,6
4294967278,282
25,5
4294967279,272
25,4
4294967278,269
25,2
25,1
4294967278,339
4294967279,271
4294967294,1219
4294967294,1217
4294967294,1224
4294967294,163
4294967278,268
24,5
4294967279,269
24,4
4294967278,267
24,2
24,1
4294967278,275
4294967279,268
4294967278,266
4294967279,267
23,4
4294967279,266
23,3
23,2
23,1
4294967279,284
4294967278,264
4294967279,526
4294967294,1370
4294967278,278
4294967279,525
4294967278,338
4294967279,263
4294967278,337
4294967278,8
4294967279,283
4294967278,336
4294967278,7
4294967278,335
4294967278,334
4294967278,6
4294967278,5
4294967278,333
4294967278,4
4294967279,279
4294967278,332
4294967278,331
4294967278,259
4294967279,132
4294967278,38
4294967278,37
4294967278,36
4294967278,35
4294967278,34
4294967278,33
4294967278,32
4294967278,31
4294967278,30
4294967278,29
4294967278,28
4294967278,27
4294967278,26
4294967278,25
4294967278,24
4294967278,23
4294967278,22
4294967278,21
4294967278,20
4294967278,19
4294967278,18
4294967278,17
4294967278,16
4294967278,15
4294967278,14
4294967278,13
4294967278,12
4294967278,11
4294967278,10
4294967278,9
4294967279,174
4294967279,23
4294967279,22
4294967279,20
4294967279,19
4294967279,18
4294967279,17
4294967279,16
4294967279,15
4294967279,14
4294967279,12
4294967278,330
4294967278,329
4294967278,328
4294967279,524
4294967278,256
22,5
4294967279,523
22,4
4294967278,255
22,2
22,1
4294967278,254
4294967278,253
4294967278,251
21,6
21,5
4294967278,249
21,4
21,2
21,1
4294967278,247
4294967278,245
20,5
4294967278,243
20,4
20,2
20,1
4294967279,522
4294967278,241
4294967278,239
19,4
4294967278,238
19,3
19,2
19,1
4294967278,237
4294967294,411
4294967294,397
4294967294,408
4294967294,386
4294967294,422
4294967294,178
4294967294,179
4294967294,1186
4294967294,407
4294967294,426
4294967294,183
4294967294,385
4294967294,1076
4294967294,417
4294967294,402
4294967294,113
4294967294,449
4294967294,181
4294967294,111
4294967294,451
4294967294,421
4294967278,236
4294967294,1369
4294967278,235
4294967278,233
4294967278,231
4294967278,229
4294967279,521
4294967278,227
4294967278,225
4294967278,223
4294967294,115
4294967294,387
4294967278,221
4294967278,219
4294967278,274
4294967278,327
4294967278,214
18,5
18,4
4294967278,213
18,2
18,1
4294967278,326
4294967278,212
4294967294,394
4294967294,120
4294967294,114
4294967278,211
17,6
17,5
4294967278,210
17,4
17,2
17,1
4294967279,520
4294967278,209
4294967278,208
16,5
4294967278,207
16,4
16,2
16,1
4294967279,519
4294967278,206
4294967294,37
4294967294,36
4294967294,40
4294967294,39
4294967294,29
4294967294,99
4294967294,76
